[2 5 6 6 3]		[2 3 7 4 1]		
[3 2 1 7 4]		[3 9 7 5 5]		
[1 2 1 9 8]	+	[8 3 6 1 2]	=	
[5 1 4 7 2]		[9 5 8 5 4]		
[3 7 2 9 0]		[1 8 4 3 2]		
[2 1 2 3 7]					

[2 5 6 6 3]		[2 3 7 4 1]		
[3 2 1 7 4]		[3 9 7 5 5]		
[1 2 1 9 8]	-	[8 3 6 1 2]	=	
[5 1 4 7 2]		[9 5 8 5 4]		
[3 7 2 9 0]		[1 8 4 3 2]		
[2 1 2 3 7]					

[2 5 6 6 3]		[2 3 7 4 1]		[124 123 145  78  69]
[3 2 1 7 4]		[3 9 7 5 5]		[ 87  97 113  70  51]
[1 2 1 9 8]	x	[8 3 6 1 2]	=	[105 133 131  84  65]
[5 1 4 7 2]		[9 5 8 5 4]		[110  87 130  70  50]
[3 7 2 9 0]		[1 8 4 3 2]		[124 123 154  94  78]
[2 1 2 3 7]					[57 92 85 51 37]

[2 5 6 6 3]			[ 4 10 12 12  6]
[3 2 1 7 4]			[ 6  4  2 14  8]
[1 2 1 9 8]			[ 2  4  2 18 16]
[5 1 4 7 2]	x2	=	[10  2  8 14  4]
[3 7 2 9 0]			[ 6 14  4 18  0]
[2 1 2 3 7]			[ 4  2  4  6 14]

[2 3 7 4 1]			[ 4  6 14  8  2]
[3 9 7 5 5]			[ 6 18 14 10 10]
[8 3 6 1 2]	x2	=	[16  6 12  2  4]
[9 5 8 5 4]			[18 10 16 10  8]
[1 8 4 3 2]			[ 2 16  8  6  4]

